# This file may be used to create an environment using:
# $ conda create --name <env> --file <this file>
# platform: win-64
argon2-cffi=21.3.0=pypi_0
argon2-cffi-bindings=21.2.0=pypi_0
asgiref=3.5.2=py310haa95532_0
bcrypt=4.0.1=pypi_0
beautifulsoup4=4.11.2=pypi_0
bzip2=1.0.8=he774522_0
ca-certificates=2022.12.7=h5b45459_0
certifi=2022.12.7=pyhd8ed1ab_0
cffi=1.15.1=py310hcbf9ad4_0
charset-normalizer=3.0.1=pypi_0
django=4.1=py310haa95532_0
django-bootstrap-v5=1.0.11=pypi_0
docopt=0.6.2=pypi_0
faker=16.8.1=pypi_0
idna=3.4=pypi_0
libffi=3.4.2=hd77b12b_6
libpython=2.1=py310haa95532_0
m2w64-binutils=2.25.1=5
m2w64-bzip2=1.0.6=6
m2w64-crt-git=5.0.0.4636.2595836=2
m2w64-gcc=5.3.0=6
m2w64-gcc-ada=5.3.0=6
m2w64-gcc-fortran=5.3.0=6
m2w64-gcc-libgfortran=5.3.0=6
m2w64-gcc-libs=5.3.0=7
m2w64-gcc-libs-core=5.3.0=7
m2w64-gcc-objc=5.3.0=6
m2w64-gmp=6.1.0=2
m2w64-headers-git=5.0.0.4636.c0ad18a=2
m2w64-isl=0.16.1=2
m2w64-libiconv=1.14=6
m2w64-libmangle-git=5.0.0.4509.2e5a9a2=2
m2w64-libwinpthread-git=5.0.0.4634.697f757=2
m2w64-make=4.1.2351.a80a8b8=2
m2w64-mpc=1.0.3=3
m2w64-mpfr=3.1.4=4
m2w64-pkg-config=0.29.1=2
m2w64-toolchain=5.3.0=7
m2w64-tools-git=5.0.0.4592.90b8472=2
m2w64-windows-default-manifest=6.4=3
m2w64-winpthreads-git=5.0.0.4634.697f757=2
m2w64-zlib=1.2.8=10
misaka=2.1.1=py310he2412df_3
msys2-conda-epoch=20160418=1
openssl=1.1.1t=h2bbff1b_0
pillow=9.4.0=pypi_0
pip=23.0=pypi_0
pipreqs=0.4.11=pypi_0
pycparser=2.21=pyhd8ed1ab_0
python=3.10.9=h966fe2a_0
python-dateutil=2.8.2=pypi_0
python-tzdata=2021.1=pyhd3eb1b0_0
python_abi=3.10=2_cp310
requests=2.28.2=pypi_0
setuptools=65.6.3=py310haa95532_0
six=1.16.0=pypi_0
soupsieve=2.4=pypi_0
sqlite=3.40.1=h2bbff1b_0
sqlparse=0.4.3=py310haa95532_0
tk=8.6.12=h2bbff1b_0
tzdata=2022g=h04d1e81_0
urllib3=1.26.14=pypi_0
vc=14.2=h21ff451_1
vs2015_runtime=14.27.29016=h5e58377_2
wheel=0.37.1=pyhd3eb1b0_0
wincertstore=0.2=py310haa95532_2
xz=5.2.10=h8cc25b3_1
yarg=0.1.9=pypi_0
zlib=1.2.13=h8cc25b3_0
